Q	RMSE	RMSE_x_y
0.01	0.68	[0.40649264 0.27449975]
0.02	0.78	[0.48311408 0.29280032]
0.03	0.86	[0.54524705 0.31685879]
0.04	0.93	[0.59429992 0.33764347]
0.05	0.99	[0.63423482 0.35874115]
0.06	1.04	[0.66718188 0.37342272]
0.07	1.08	[0.69497362 0.38561562]
0.08	1.12	[0.71879209 0.3966159 ]
0.09	1.15	[0.73941538 0.40621637]
0.1	1.17	[0.7574391  0.41470175]

0.1	1.17	[0.7574391  0.41470175]
0.2	1.32	[0.85888335 0.46452657]
0.3	1.38	[0.89821518 0.48407536]
0.4	1.41	[0.91553563 0.49424853]
0.5	1.43	[0.92354897 0.50148376]
0.6	1.43	[0.92650546 0.50661801]
0.7	1.44	[0.92657839 0.51097667]
0.8	1.44	[0.92391442 0.51393272]
0.9	1.44	[0.92170341 0.51738453]
1.0	1.44	[0.91938838 0.52141603]

1	1.44	[0.91938838 0.52141603]
2	1.49	[0.91676973 0.57154824]
3	1.56	[0.92741353 0.63618894]
4	--fail
5	1.67	[0.93411881 0.73863795]
6	--fail
7	1.80	[0.95606018 0.84116151]
8	--fail
9	--fail
10	--fail

10	--fail
20	--fail
30	--fail
40	--fail
50	--fail
60	--fail
70	--fail
80	--fail
90	--fail
100	--fail
