Q	RMSE	RMSE_x_y
0.01	3.37	[2.27648437 1.09851358]
0.02	3.87	[2.67083556 1.19498175]
0.03	4.18	[2.91125168 1.26626271]
0.04	4.41	[3.08565398 1.32513025]
0.05	4.59	[3.22084918 1.3718968 ]
0.06	4.74	[3.32995153 1.4097302 ]
0.07	4.86	[3.4200396  1.44042816]
0.08	4.96	[3.49682607 1.46734215]
0.09	5.05	[3.56284699 1.4903213 ]
0.1	5.13	[3.62034373 1.51064765]

0.1	5.13	[3.62034373 1.51064765]
0.2	5.58	[3.94598417 1.6335433 ]
0.3	5.78	[4.07567504 1.70733596]
0.4	5.91	[4.15163623 1.7632245 ]
0.5	6.04	[4.2202775  1.81777881]
0.6	--fail
0.7	5.87	[4.13613066 1.73733617]
0.8	--fail
0.9	--fail
1.0	6.33	[4.18807486 2.13855784]

1	6.33	[4.18807486 2.13855784]
2	--fail
3	--fail
4	--fail
5	--fail
6	--fail
7	--fail
8	--fail
9	--fail
10	--fail

10	--fail
20	--fail
30	--fail
40	--fail
50	572878.31	[276927.454242   295950.85609066]
60	--fail
70	--fail
80	--fail
90	601377.72	[144095.37004546 457282.3531704 ]
100	--fail
