Q	RMSE	RMSE_x_y
0.01	26.53	[14.5220343  12.00852953]
0.02	68.75	[27.81301031 40.93421225]
0.03	64.62	[23.30354358 41.31783126]
0.04	33.21	[12.65055788 20.55881578]
0.05	42.32	[14.867465   27.45381968]
0.06	28.63	[ 9.90336981 18.72367466]
0.07	71.96	[20.99241752 50.9628972 ]
0.08	--fail
0.09	91.00	[27.73572075 63.2643727 ]
0.1	58.47	[16.07570658 42.39428099]

0.1	58.47	[16.07570658 42.39428099]
0.2	28.00	[ 6.17291166 21.82836081]
0.3	12.18	[3.06118437 9.11934477]
0.4	7.97	[2.20609785 5.764765  ]
0.5	6.54	[1.95400501 4.58146587]
0.6	5.85	[1.8489354  3.99985183]
0.7	5.43	[1.79528864 3.63794305]
0.8	6.65	[1.96955423 4.68360283]
0.9	4.93	[1.75979297 3.16544075]
1.0	4.74	[1.75412258 2.99056277]

1	4.74	[1.75412258 2.99056277]
2	4.20	[1.89464983 2.30647705]
3	4.14	[2.01474848 2.12293182]
4	4.17	[2.10237825 2.07036613]
5	4.22	[2.17886273 2.04081036]
6	--fail
7	--fail
8	--fail
9	4.42	[2.40573862 2.0192382 ]
10	--fail

10	--fail
20	--fail
30	--fail
40	7.14	[3.42128828 3.72314099]
50	8.45	[3.9292447  4.52115141]
60	9.35	[4.29123101 5.06030728]
70	--fail
80	--fail
90	--fail
100	--fail
