Q	RMSE	RMSE_x_y
0.01	3.21	[2.26968079 0.93899201]
0.02	3.37	[2.45999921 0.9132658 ]
0.03	3.50	[2.57778025 0.92429739]
0.04	3.60	[2.66025497 0.93925968]
0.05	3.68	[2.7255121  0.95523144]
0.06	3.74	[2.77675304 0.96632006]
0.07	3.80	[2.81998191 0.97511689]
0.08	3.84	[2.85825892 0.98270349]
0.09	3.88	[2.89044565 0.98856234]
0.1	3.91	[2.91788157 0.99198236]

0.1	3.91	[2.91788157 0.99198236]
0.2	3.98	[3.02237405 0.9549557 ]
0.3	3.87	[2.98755912 0.88165826]
0.4	3.83	[2.99736287 0.83150722]
0.5	12.95	[10.68579219  2.26910615]
0.6	--fail
0.7	3.72	[2.94148975 0.7784946 ]
0.8	--fail
0.9	--fail
1.0	--fail

1	--fail
2	--fail
3	--fail
4	--fail
5	--fail
6	--fail
7	--fail
8	--fail
9	--fail
10	--fail

10	--fail
20	--fail
30	--fail
40	--fail
50	--fail
60	557432.00	[212043.91856735 345388.08122481]
70	--fail
80	--fail
90	--fail
100	--fail
