Q	RMSE	RMSE_x_y
0.01	--fail
0.02	--fail
0.03	--fail
0.04	--fail
0.05	14.19	[ 3.07774419 11.11247033]
0.06	--fail
0.07	--fail
0.08	--fail
0.09	--fail
0.1	--fail

0.1	--fail
0.2	5.35	[1.34557179 3.99964451]
0.3	--fail
0.4	3.42	[1.04621784 2.37445533]
0.5	--fail
0.6	--fail
0.7	--fail
0.8	--fail
0.9	2.47	[1.01600646 1.45841977]
1.0	2.40	[1.02256464 1.38193671]

1	2.40	[1.02256464 1.38193671]
2	2.13	[1.08748524 1.03765078]
3	2.05	[1.12954255 0.91733344]
4	2.01	[1.15614544 0.85733376]
5	2.00	[1.17357516 0.82180252]
6	1.98	[1.18518043 0.79769641]
7	1.97	[1.19333869 0.78098009]
8	1.97	[1.19933007 0.76908745]
9	1.96	[1.20393942 0.76055713]
10	1.96	[1.20765939 0.75448709]

10	1.96	[1.20765939 0.75448709]
20	1.98	[1.23047815 0.74917192]
30	2.04	[1.25350515 0.79043197]
40	2.12	[1.27718099 0.84128475]
50	2.20	[1.30048669 0.89594138]
60	2.28	[1.32321455 0.95269301]
70	2.35	[1.34514234 1.00877172]
80	2.43	[1.36769984 1.06600608]
90	2.51	[1.38977158 1.12515341]
100	2.59	[1.41164591 1.18167939]
