Q	RMSE	RMSE_x_y
0.01	36.95	[27.89040158  9.06422069]
0.02	52.14	[23.91656493 28.22389806]
0.03	54.14	[22.67743983 31.46517963]
0.04	49.62	[20.17555036 29.44930977]
0.05	48.03	[18.76376428 29.26193941]
0.06	49.66	[18.42287862 31.24086772]
0.07	61.45	[20.54181578 40.91119565]
0.08	53.17	[17.41959656 35.75261615]
0.09	44.77	[14.50317567 30.26695198]
0.1	37.62	[12.34886691 25.26794642]

0.1	37.62	[12.34886691 25.26794642]
0.2	45.96	[12.53160293 33.43239997]
0.3	24.41	[ 6.77732404 17.63724266]
0.4	39.23	[ 9.12125623 30.10647146]
0.5	19.67	[ 5.66647376 14.00216336]
0.6	12.52	[4.04072733 8.48397275]
0.7	9.80	[3.34682727 6.44865171]
0.8	8.61	[3.03521016 5.57961946]
0.9	7.85	[2.83114428 5.01688858]
1.0	7.29	[2.68269483 4.6031187 ]

1	7.29	[2.68269483 4.6031187 ]
2	5.42	[2.22922795 3.19046867]
3	5.00	[2.16276383 2.83701686]
4	4.83	[2.15611782 2.67275788]
5	4.73	[2.16415071 2.56228491]
6	4.67	[2.18010917 2.48503332]
7	4.62	[2.19878689 2.42387855]
8	4.59	[2.21912211 2.37538101]
9	4.58	[2.24146853 2.33948206]
10	4.57	[2.26259828 2.30958748]

10	4.57	[2.26259828 2.30958748]
20	4.69	[2.45513445 2.22988386]
30	4.64	[2.51345202 2.12556369]
40	--fail
50	--fail
60	--fail
70	--fail
80	--fail
90	9.05	[4.51909804 4.52643455]
100	--fail
